
% Combinações de chaves e vetores %%%%%%%%%
% exemplo:
% v1012 -----> 1 0 1 1 0
% q1012 -----> [1 0]


q000 = [0 0 0]; 
q001 = [0 0 1];
q010 = [0 1 0];
q011 = [0 1 1];

q100 = [1 0 0];
q101 = [1 0 1];
q110 = [1 1 0];
q111 = [1 1 1];


v000 = [0 0]; 
v001 = [-1 -1];
v010 = [0 1];
v011 = [-1 0];

v100 = [1 0];
v101 = [0 -1];
v110 = [1 1];
v111 = [0 0];





